n = 20,     honestCost = 552901541888
.........
Argon2iB: (20,4.60714864824548)    e=69245    d=63331
DRSample: (20,2.81172884842461)    e=237379    d=16
DRSampleBitRev: (20,3.6684235080398)    e=109070    d=7238
n = 21,     honestCost = 2205314711552
.........
Argon2iB: (21,5.45106752325237)    e=153000    d=50833
DRSample: (21,2.95451222781183)    e=464447    d=16
DRSampleBitRev: (21,4.17498440201195)    e=213517    d=5077
n = 22,     honestCost = 8808675934208
.....