n = 20,     honestCost = 552901541888
.........
Argon2iB: (20,4.60714864824548)    e=69245    d=63331
DRSample: (20,2.81172884842461)    e=237379    d=16
DRSampleBitRev: (20,3.6684235080398)    e=109070    d=7238
n = 21,     honestCost = 2205314711552
.